181
103
145
187
185
78
118
165
32
60
49
108
116
135
83
51
154
33
190
32
151
4
81
59
165
191
170
195
91
5
164
148
187
44
32
7
31
69
30
88
146
106
3
65
191
20
69
85
25
168
137
134
191
156
181
53
74
130
128
36
190
118
171
37
71
183
110
83
43
18
76
137
51
130
168
1
145
60
63
174
174
16
105
50
126
195
71
82
192
93
51
146
82
29
187
56
115
113
152
92
189
13
34
87
58
143
36
130
30
20
178
24
170
33
164
154
46
61
9
31
69
120
57
174
42
29
121
6
108
6
159
70
23
36
36
109
4
90
133
126
138
48
59
124
53
154
59
28
14
71
81
26
186
159
23
172
82
10
44
181
153
179
45
6
179
9
37
71
107
88
43
160
147
25
105
52
18
166
122
123
38
41
129
134
135
23
81
161
49
33
42
17
34
110
20
104
85
28
143
160
25
126
158
159
28
126
65
25
69
24
42
112
167
9
172
130
173
88
108
67
145
193
189
50
149
79
92
88
33
55
73
10
51
185
148
142
121
72
8
153
96
123
32
186
38
67
182
168
5
191
7
71
183
63
99
95
130
127
71
153
172
101
191
181
24
36
49
193
149
132
147
166
61
117
171
181
40
49
189
147
109
3
51
137
150
126
37
189
31
73
102
49
147
14
140
166
63
70
170
29
105
3
122
146
67
69
126
103
15
106
41
97
104
3
40
185
42
90
190
98
40
191
181
71
183
11
33
41
3
4
88
55
17
167
70
122
151
193
26
43
179
117
44
27
58
24
129
76
89
82
68
48
9
145
78
159
85
154
94
27
31
14
135
171
53
110
120
73
194
133
113
140
110
183
20
161
162
94
85
126
119
181
111
27
141
6
179
155
15
83
160
121
13
101
178
108
3
170
173
167
156
194
184
86
186
126
86
168
173
52
180
20
74
122
139
94
9
122
144
13
58
138
34
164
43
8
65
165
148
165
177
89
20
26
195
146
13
103
26
110
20
52
103
20
114
190
164
130
13
14
42
132
60
69
86
118
1
11
129
79
65
174
150
151
168
141
9
158
105
100
48
36
101
119
139
65
63
142
147
164
118
145
193
72
53
72
194
68
125
161
142
30
82
72
36
159
7
69
119
179
86
81
75
33
93
132
94
44
183
34
106
33
87
17
107
29
125
36
20
80
141
178
193
63
144
171
67
103
65
55
108
55
20
4
145
119
108
150
131
181
181
159
20
69
98
181
160
111
154
117
44
119
28
125
68
51
9
47
56
179
183
131
193
60
6
79
147
124
95
122
9
82
18
116
173
184
140
138
50
5
192
141
196
111
6
13
154
92
31
60
30
88
140
32
3
76
190
76
34
95
81
173
25
21
39
63
99
127
42
192
145
38
100
140
96
73
51
107
178
120
96
170
84
131
169
187
163
117
97
103
153
111
74
131
42
96
74
34
173
91
86
111
172
191
150
38
110
183
39
191
109
24
83
108
155
137
149
180
13
189
76
61
13
39
84
102
159
166
70
119
146
9
193
21
140
95
71
90
107
103
40
172
189
1
144
30
59
14
102
118
172
36
117
152
116
65
96
83
144
98
102
193
79
60
130
174
139
21
21
181
6
176
166
126
85
95
36
196
111
129
44
29
29
154
157
46
40
138
80
95
42
33
151
85
88
182
23
104
14
188
126
30
195
68
116
39
57
24
65
179
34
132
174
119
15
147
11
21
148
151
131
159
53
196
47
139
79
65
48
108
178
178
179
96
119
132
11
14
146
118
65
13
120
135
130
81
188
144
17
105
146
5
3
133
116
29
186
194
76
156
150
122
57
151
65
14
163
56
11
16
95
69
116
171
123
150
111
178
117
166
134
56
115
55
121
18
107
3
156
59
70
98
164
56
5
162
119
165
172
124
31
172
184
178
103
132
95
130
127
66
72
176
91
147
14
32
113
111
63
169
171
70
52
106
174
30
183
18
15
193
171
174
149
91
94
134
145
116
156
162
192
94
180
181
156
69
193
159
157
109
16
134
60
86
191
167
144
141
24
57
61
89
129
134
161
185
160
76
66
91
93
45
67
95
51
119
46
181
176
31
189
130
102
123
85
119
178
23
15
56
95
65
196
132
155
170
170
130
171
128
68
109
191
72
77
23
133
41
17
164
90
59
75
172
66
72
15
164
174
192
4
103
53
126
188
164
26
99
95
29
162
160
56
70
177
7
190
28
11
167
57
133
89
159
66
78
127
126
189
105
133
179
63
84
61
103
14
158
113
187
21
6
150
151
182
81
141
72
174
20
66
18
87
188
122
92
195
43
57
38
153
5
177
124
194
100
97
121
89
140
33
145
112
183
6
46
38
32
56
184
20
49
55
121
117
121
82
99
107
151
188
179
63
69
111
74
85
154
39
57
123
173
83
192
37
27
152
142
193
112
63
69
159
170
11
102
195
178
51
82
77
51
16
114
60
103
103
157
113
66
70
188
16
27
191
49
158
175
18
4
86
29
49
56
15
165
113
50
42
155
57
196
138
24
173
155
1
110
100
107
68
26
14
32
110
141
162
63
39
90
43
73
155
186
130
184
135
177
158
114
190
59
50
95
131
60
75
191
34
124
99
47
85
175
135
149
177
133
87
128
96
3
52
185
116
164
1
10
46
140
166
181
138
51
151
6
29
33
172
112
147
21
69
28
154
162
146
105
133
143
106
151
188
165
195
96
161
110
1
135
134
61
103
57
176
90
119
145
44
42
140
79
47
112
47
145
131
17
193
104
90
144
59
146
30
1
179
69
48
186
182
30
150
74
69
14
81
196
28
114
110
93
83
184
110
196
87
65
60
191
74
94
128
142
57
81
172
4
158
123
32
11
31
175
123
142
81
5
88
38
147
189
65
7
161
132
117
119
174
143
33
184
149
139
123
103
103
85
43
131
49
103
196
163
25
89
28
33
85
87
76
191
51
74
76
112
50
178
96
190
34
107
161
139
53
153
165
92
122
94
13
137
188
166
100
6
44
18
119
14
185
143
133
156
17
146
13
176
73
132
191
123
67
146
177
18
68
55
154
119
26
100
57
65
80
169
39
65
112
133
118
69
118
23
88
175
24
39
32
177
72
178
187
155
163
137
191
88
132
101
123
81
23
170
189
171
170
9
84
68
118
142
135
173
128
115
86
38
129
120
98
194
114
94
188
3
43
93
38
21
109
177
68
160
131
50
73
111
101
189
93
191
28
68
31
162
71
49
7
30
46
20
122
71
139
14
194
192
139
114
5
68
150
96
105
86
179
88
143
93
118
48
96
53
96
110
13
116
98
129
1
91
97
14
44
152
13
190
153
103
83
174
181
184
150
5
100
141
32
194
114
58
189
34
115
56
149
100
188
183
193
149
103
101
147
192
121
119
148
151
39
107
18
74
176
165
134
144
5
188
177
110
87
137
133
182
170
1
97
166
151
188
159
139
168
88
65
67
49
161
29
70
61
172
135
146
132
1
94
148
135
20
30
111
52
138
143
48
161
177
187
78
74
116
8
13
188
162
124
107
125
82
5
72
103
28
155
162
17
58
188
170
194
106
87
79
8
162
39
130
52
36
16
134
71
60
126
51
131
188
65
45
169
112
149
160
161
92
57
131
150
13
83
32
152
24
163
89
111
130
78
132
72
173
137
69
17
119
135
56
60
27
141
34
85
107
99
173
11
125
29
130
179
121
94
138
108
38
110
89
142
68
77
109
185
92
65
9
16
56
138
179
59
56
102
109
113
49
77
170
73
192
183
61
137
146
34
162
30
57
70
149
93
10
143
16
191
119
105
67
176
170
55
187
133
94
77
113
61
172
179
45
49
15
120
119
138
129
132
70
77
152
179
180
85
26
159
119
3
113
36
196
55
66
75
9
13
183
14
76
121
148
44
132
171
59
34
153
193
38
7
24
189
3
124
196
166
155
47
144
37
56
186
115
123
65
42
70
122
93
125
110
133
120
92
171
33
157
32
117
30
124
147
81
53
164
111
14
68
179
149
24
163
73
47
95
153
196
188
15
190
56
91
45
25
24
29
46
175
153
178
182
8
126
27
56
122
68
57
187
65
1
173
44
156
48
44
184
90
173
14
42
11
24
7
162
38
67
78
16
11
33
39
52
93
87
58
161
38
33
25
33
102
89
84
150
58
33
116
9
188
68
96
51
9
167
172
173
143
87
49
99
179
124
81
5
146
16
135
126
178
88
100
6
152
78
34
10
178
78
167
128
145
183
192
63
37
188
83
8
134
94
77
15
189
106
1
119
177
101
131
160
17
48
24
161
10
76
89
91
60
109
107
119
154
155
188
91
169
129
3
117
154
121
65
91
17
1
103
60
165
118
188
106
34
59
153
32
24
114
74
114
190
156
110
192
182
167
113
77
183
175
5
74
166
1
108
63
106
115
179
7
128
121
72
142
65
175
165
26
113
139
120
37
175
178
124
18
170
125
81
52
172
26
170
91
162
137
13
44
180
184
55
138
177
69
96
177
107
133
135
85
119
130
153
192
182
113
52
162
65
40
169
129
16
108
196
68
58
174
6
43
127
89
153
183
1
53
47
125
28
47
86
14
45
57
111
149
146
162
36
160
163
69
18
58
107
165
159
111
39
123
71
168
120
18
76
125
77
133
181
115
84
1
25
10
94
134
174
71
105
75
74
183
182
90
177
172
66
96
143
121
114
146
170
121
94
112
156
65
137
123
129
118
174
114
65
126
37
131
87
143
32
153
96
66
56
141
13
131
8
92
73
180
144
130
13
24
96
158
9
43
116
120
58
167
42
151
9
97
160
28
112
178
167
46
195
189
165
129
15
124
151
95
110
20
89
13
137
114
183
122
17
73
118
192
145
132
141
32
32
9
43
37
68
154
106
109
96
154
194
192
71
13
87
161
21
131
115
151
82
148
25
181
145
190
128
66
113
66
157
6
118
51
13
160
17
57
18
46
24
91
51
163
43
100
104
76
173
77
130
104
138
110
1
3
112
58
147
160
1
32
65
18
193
95
1
164
97
93
122
148
78
152
66
71
117
166
53
110
28
11
91
180
31
120
37
18
57
163
167
93
42
70
9
29
160
148
27
128
88
108
10
127
120
36
71
25
113
165
29
44
14
130
63
162
1
80
150
39
193
107
18
155
155
117
169
168
106
119
14
45
59
93
119
21
66
79
105
182
193
143
78
52
177
140
130
183
78
188
17
21
79
195
70
179
90
176
34
98
123
93
97
181
90
122
161
187
34
131
139
58
102
88
168
82
113
179
48
53
168
117
145
14
191
181
154
150
190
122
82
80
69
147
13
184
128
51
168
85
72
108
91
18
134
13
175
122
111
8
143
91
109
195
27
193
146
5
138
177
170
82
139
10
38
100
193
75
89
190
139
146
127
92
50
105
31
78
38
66
116
46
147
131
29
189
94
126
61
97
131
23
194
176
85
78
40
79
91
169
161
9
107
84
13
154
55
106
121
20
103
133
73
34
44
7
123
48
135
82
14
32
6
142
161
117
59
123
121
24
170
102
72
169
164
94
188
167
42
155
60
50
48
169
94
52
65
6
69
186
88
111
186
80
21
60
47
119
98
146
60
118
67
137
71
102
37
92
14
52
92
75
84
36
28
145
69
185
52
44
74
75
196
40
172
127
16
34
142
128
57
8
90
103
44
57
143
73
52
67
147
182
185
43
124
164
4
59
73
4
102
151
112
195
139
117
39
127
143
56
184
99
33
94
79
39
153
93
70
186
56
183
114
42
95
74
1
83
169
84
55
63
102
88
34
150
36
148
55
167
75
107
155
169
69
174
152
181
186
28
67
125
120
117
43
107
131
137
167
109
45
100
107
106
127
175
41
180
144
137
76
20
110
82
6
58
63
143
185
113
43
1
147
4
143
187
59
91
127
125
135
57
188
102
137
166
127
36
23
5
65
193
89
80
76
144
53
103
106
149
143
118
86
1
171
122
116
107
97
29
28
70
46
44
36
53
69
33
65
40
134
23
146
91
147
159
70
180
9
15
100
177
94
152
1
153
44
122
21
111
123
32
116
159
128
40
181
129
139
80
46
180
96
44
149
122
69
132
181
66
75
93
135
185
24
52
78
129
178
101
90
52
150
93
195
116
16
26
95
154
32
47
32
180
188
110
67
102
76
52
171
119
160
105
170
157
137
112
39
46
148
113
76
181
123
169
138
119
21
172
152
6
24
175
96
95
119
153
78
127
103
159
86
77
117
193
133
169
166
56
127
121
67
13
59
154
91
46
48
51
149
163
89
173
78
148
30
186
118
66
147
27
138
107
185
131
82
195
130
71
112
23
88
184
25
180
59
6
82
75
150
43
117
103
102
26
187
38
110
116
66
120
123
154
8
84
34
84
4
83
50
86
20
39
166
15
190
125
21
115
190
78
24
68
1
139
46
129
105
97
182
78
100
133
157
150
73
167
43
83
48
150
174
44
110
117
50
55
194
100
196
16
180
46
167
165
25
160
24
146
115
56
181
49
109
56
153
53
41
84
189
151
131
178
81
5
173
138
195
34
33
79
56
119
25
125
91
165
188
110
21
20
103
117
141
77
98
30
108
59
52
178
78
37
30
80
190
97
38
32
159
182
126
103
110
97
171
105
179
34
140
65
45
25
125
100
11
188
137
58
13
69
161
7
41
125
131
63
44
115
53
185
81
63
187
49
51
182
162
148
29
15
46
127
134
18
85
23
71
149
14
86
14
87
174
16
8
63
4
142
40
138
151
178
196
78
4
93
153
106
116
107
33
161
24
125
121
185
14
27
165
93
50
86
124
9
72
165
36
144
30
157
133
24
185
28
112
170
131
5
137
26
122
161
144
84
76
58
163
141
96
80
63
26
23
61
176
159
34
82
112
178
36
106
34
18
149
112
74
113
33
70
45
119
167
6
121
24
132
103
38
115
122
93
116
110
121
128
25
25
194
153
1
94
90
97
160
91
181
36
182
51
160
114
67
47
116
99
120
3
117
25
82
1
73
30
21
144
108
187
186
53
103
28
69
17
133
178
87
162
137
46
159
167
17
39
99
139
140
191
162
51
163
156
167
141
140
13
109
192
133
179
8
76
30
128
84
130
122
15
108
42
103
111
166
14
116
23
106
68
157
13
77
166
171
80
196
162
34
55
40
42
49
42
182
141
113
187
171
160
115
134
115
3
157
137
92
194
14
63
101
180
101
146
15
8
97
148
16
133
154
5
1
97
109
121
192
27
9
50
50
111
149
142
85
20
75
79
189
80
40
4
97
127
79
65
71
100
158
96
43
115
142
57
126
38
169
176
107
98
25
89
79
159
158
69
99
117
82
130
9
73
154
144
87
1
85
158
83
121
155
160
49
183
81
116
163
76
121
143
98
137
179
172
38
50
134
25
126
20
169
24
164
24
4
164
56
123
53
80
164
99
21
182
99
184
108
138
144
50
121
49
166
140
188
108
125
137
96
41
34
124
20
56
194
24
82
80
14
32
3
11
83
129
87
86
34
117
134
109
168
11
148
79
3
194
83
165
89
23
17
159
61
69
56
108
126
103
120
189
191
48
118
116
167
119
111
137
105
137
9
86
175
28
114
177
129
75
182
150
164
30
40
120
3
121
113
9
82
111
188
70
65
142
133
51
125
180
82
103
182
116
183
83
147
32
82
192
164
155
153
89
85
44
143
120
196
23
131
71
105
174
138
44
3
48
47
186
45
101
98
177
71
134
139
58
126
95
191
42
77
13
182
52
23
186
10
90
50
105
76
80
185
128
57
20
89
116
69
72
11
65
16
81
44
153
181
181
101
182
160
149
141
87
145
184
82
151
170
178
26
108
57
98
126
6
127
15
4
181
65
26
131
193
38
137
181
119
119
92
102
5
196
20
83
60
159
159
66
191
162
186
25
180
134
124
69
51
144
195
135
46
192
170
33
161
61
193
33
142
98
131
149
34
71
145
168
191
163
187
21
65
41
99
126
151
123
49
139
70
74
176
87
91
102
113
5
134
36
193
69
57
11
39
70
186
53
126
151
144
8
1
113
91
25
4
10
58
168
45
61
92
73
174
192
96
48
25
184
150
140
83
155
192
86
86
139
159
131
124
149
122
5
151
1
108
75
30
124
196
121
127
83
130
39
76
23
21
166
13
133
124
138
84
162
151
103
25
55
97
158
63
81
119
132
165
92
139
46
154
89
112
106
83
139
133
70
13
170
127
51
86
156
20
174
130
20
189
92
1
108
145
39
29
43
114
21
173
66
47
134
69
107
172
48
32
126
137
4
46
172
40
65
14
157
192
24
161
140
125
177
96
20
105
116
47
193
119
96
68
100
183
58
13
53
94
73
192
10
21
99
170
46
65
174
157
105
25
104
186
71
98
129
103
167
101
143
181
172
11
196
9
56
177
142
94
173
43
167
124
157
34
170
84
193
105
68
93
174
76
172
168
51
18
16
28
73
131
168
102
189
196
174
15
119
179
129
181
109
162
181
122
9
98
184
38
119
67
69
59
132
139
46
111
143
187
86
124
84
193
95
114
90
92
69
159
172
37
187
36
157
158
160
14
149
132
142
166
179
52
17
129
81
73
41
116
18
159
174
98
155
61
75
139
80
166
1
20
188
126
141
14
43
102
74
160
68
5
164
144
38
56
190
66
18
108
71
84
126
169
85
96
108
108
187
3
117
3
111
147
129
157
88
74
14
183
186
63
163
84
18
56
38
115
117
126
124
160
117
30
36
56
73
83
93
139
132
134
166
97
79
150
40
157
138
1
105
175
129
191
46
135
69
90
169
141
114
85
141
44
97
111
95
176
173
57
21
9
14
66
115
77
68
1
190
39
60
196
159
124
159
129
171
74
165
123
170
18
188
6
143
116
129
32
53
49
184
120
65
147
182
41
133
92
37
155
61
11
9
131
181
59
146
131
16
49
15
84
166
189
183
162
185
94
55
56
123
148
13
98
63
69
119
150
178
95
154
45
77
98
130
118
74
173
98
84
128
185
123
161
135
147
11
69
58
170
127
165
182
37
182
130
119
128
72
88
86
49
112
90
192
65
88
186
168
17
119
119
57
9
67
5
107
130
85
55
121
99
78
60
13
91
164
129
173
41
154
118
17
118
125
44
127
188
148
119
96
193
194
76
81
129
46
97
92
49
103
132
71
187
5
178
122
119
173
75
94
149
11
114
50
77
145
111
143
92
169
20
80
38
40
103
168
23
154
38
84
121
131
44
137
23
122
107
53
15
80
1
68
59
81
60
34
31
46
28
120
13
178
88
163
69
102
169
146
185
135
114
132
46
34
170
194
194
127
192
1
5
76
96
178
101
94
95
139
66
120
41
20
173
119
140
21
13
103
42
155
45
18
166
48
119
24
45
195
119
178
27
123
53
137
103
18
124
121
161
108
180
52
83
103
112
40
89
39
131
86
14
14
58
92
89
69
5
124
26
91
10
27
181
77
89
150
161
28
177
128
10
196
115
96
95
95
172
109
84
9
65
89
158
70
74
61
193
68
16
41
150
17
46
40
85
123
103
135
105
58
177
5
56
31
120
42
4
13
89
55
96
58
41
82
28
179
122
4
14
66
183
69
138
102
82
147
9
53
149
172
171
154
16
81
92
79
128
151
170
121
37
34
77
53
117
20
113
176
55
9
57
118
48
36
125
150
172
27
153
141
99
69
49
156
170
53
36
34
166
17
46
127
129
182
95
145
69
123
160
160
126
84
186
25
67
139
184
189
52
196
108
141
7
78
88
15
13
25
17
144
164
63
105
34
40
156
142
145
85
192
180
26
147
10
76
158
100
44
159
70
134
127
38
92
132
118
153
191
148
115
127
147
111
77
159
176
135
174
144
27
148
145
81
4
8
110
31
24
109
171
180
146
141
11
53
110
161
44
181
126
194
129
173
83
180
185
128
181
38
65
5
151
170
181
190
167
44
187
190
194
69
99
4
68
119
47
132
67
26
4
167
132
149
75
94
175
33
193
193
50
59
133
14
112
70
174
8
153
20
3
167
180
81
189
119
195
125
116
58
44
3
49
122
44
111
99
103
40
20
79
194
77
34
173
79
77
176
67
165
60
45
13
23
191
79
44
150
76
68
148
108
149
145
6
195
57
179
83
130
9
21
28
188
6
141
168
188
34
140
49
128
93
196
171
34
162
134
168
82
18
101
109
39
76
49
131
167
194
162
177
165
57
121
65
112
141
111
195
1
7
24
191
174
144
162
107
42
83
178
145
85
56
158
51
188
28
13
172
27
18
181
9
37
88
165
144
142
21
18
188
24
53
69
187
52
186
65
28
159
36
11
94
153
17
16
179
169
68
37
74
20
194
146
192
158
148
119
129
121
51
28
53
195
171
88
7
102
25
122
153
15
124
146
116
89
23
103
34
162
111
146
93
90
63
172
17
114
69
68
36
85
46
179
167
173
87
25
50
145
75
18
82
139
119
169
149
4
131
34
151
156
47
70
175
124
181
168
172
133
109
3
114
36
7
165
124
17
44
146
84
158
88
181
138
70
47
191
78
34
17
34
23
126
81
38
110
166
192
125
171
93
20
134
50
112
186
158
179
191
11
105
127
128
24
44
102
147
152
80
80
103
28
122
84
147
24
194
40
4
70
41
128
56
38
4
30
24
83
130
20
34
175
185
30
180
152
157
8
189
26
159
92
130
172
162
146
166
123
192
174
125
4
38
158
188
25
71
128
80
85
156
67
66
6
194
50
75
152
190
14
37
91
38
190
91
181
168
165
32
3
29
91
58
78
179
103
157
79
171
134
1
58
34
27
86
162
43
41
157
44
105
122
95
23
75
118
104
3
102
45
158
37
65
122
30
30
183
6
168
3
5
4
34
61
86
142
18
176
48
46
131
135
175
137
20
119
100
97
195
45
191
139
84
159
45
120
94
40
90
57
130
192
151
187
183
106
50
77
38
162
55
182
66
164
21
89
189
121
77
87
128
189
58
190
187
49
79
181
7
183
17
162
17
170
117
53
87
141
103
24
81
96
37
76
188
174
180
129
74
110
98
185
80
89
100
58
155
32
189
128
49
140
97
75
9
13
179
137
41
79
58
160
71
146
194
147
8
188
52
190
83
183
114
56
26
160
194
30
168
103
91
156
127
175
47
16
170
67
17
179
107
25
165
144
119
6
91
56
158
71
13
161
168
50
150
95
129
119
162
187
59
143
66
6
81
9
109
45
173
81
36
158
89
173
42
3
178
3
27
177
195
92
140
131
4
196
21
156
53
133
153
178
56
178
130
53
171
93
5
80
69
29
20
190
120
63
121
92
103
101
191
20
159
106
76
56
138
119
151
182
178
160
17
133
121
165
44
83
194
164
15
193
173
33
71
1
61
80
181
63
113
134
183
13
181
139
154
123
192
43
155
149
164
133
163
72
177
143
127
72
33
143
169
65
103
73
195
178
65
67
116
69
63
23
26
84
195
9
120
80
119
186
88
113
30
149
96
123
116
17
190
108
11
6
193
101
70
190
50
57
78
101
191
152
82
103
122
73
18
71
190
32
85
39
42
30
38
3
154
87
37
95
7
59
180
85
164
153
170
51
49
40
110
56
5
70
82
172
140
156
187
115
155
75
188
182
46
3
110
103
68
148
38
18
28
119
109
123
188
37
13
131
8
99
155
84
153
51
166
18
44
132
25
65
145
158
70
63
183
123
137
131
128
152
30
63
39
70
153
146
43
13
101
6
15
44
128
50
163
40
98
8
188
55
163
11
192
154
179
140
10
44
176
137
59
101
125
113
150
182
121
13
1
129
118
13
18
60
129
91
104
28
70
14
75
90
185
65
42
27
172
31
6
121
77
83
181
152
196
114
91
171
151
87
103
85
102
113
17
39
96
188
76
160
137
196
85
119
94
73
148
88
129
130
51
195
103
113
67
14
14
110
115
170
147
193
74
1
50
174
173
146
181
112
182
44
1
148
149
177
115
114
105
154
77
23
42
129
133
73
180
25
61
166
183
173
181
183
165
186
166
151
53
29
47
13
107
14
103
161
181
17
158
145
84
81
61
194
188
122
49
157
86
182
173
34
48
4
42
75
76
38
21
43
114
32
106
138
40
171
139
168
55
122
5
43
135
17
15
95
4
174
24
53
115
147
105
55
52
57
171
68
11
131
4
63
149
151
195
30
189
153
51
139
101
93
94
32
71
127
114
15
38
18
142
119
162
134
119
8
129
139
38
148
92
183
10
61
95
121
124
182
145
25
15
13
102
112
69
119
181
149
13
117
42
154
139
178
186
188
124
34
29
98
180
18
182
173
170
49
133
186
159
186
31
183
182
65
176
132
90
30
162
53
31
156
117
17
38
50
79
37
39
162
104
106
76
82
179
157
98
13
187
72
101
177
154
45
33
82
127
9
84
32
184
102
120
90
27
119
88
152
63
188
165
46
36
80
53
181
155
103
3
156
133
80
147
52
10
181
73
194
47
52
32
43
92
101
112
129
84
56
83
195
48
153
70
105
51
163
39
182
61
168
61
65
103
15
159
160
23
148
147
43
138
190
66
178
80
133
110
15
7
94
34
37
21
20
29
195
130
119
123
69
112
46
9
38
24
3
138
55
92
181
124
181
190
40
95
27
5
105
146
6
109
78
158
189
81
150
78
25
139
31
90
133
77
53
135
124
30
138
95
166
30
20
59
1
73
146
43
168
88
164
21
122
44
167
132
127
123
123
90
80
40
134
33
119
154
7
113
91
169
58
141
188
21
142
51
79
173
97
14
48
41
41
85
108
188
176
129
92
169
33
69
134
42
179
129
167
4
132
113
33
191
161
172
28
8
6
138
106
190
122
49
132
86
171
117
135
82
130
120
70
118
41
191
38
91
107
128
150
28
152
96
94
192
183
118
47
143
34
91
41
143
134
51
156
196
106
17
63
116
63
69
109
107
107
109
134
174
82
91
21
100
196
70
71
142
90
196
128
112
174
139
120
170
145
190
139
164
144
48
82
83
32
92
134
155
56
193
114
137
117
82
45
39
193
59
11
31
127
129
123
153
68
133
180
39
79
15
56
65
159
147
75
3
103
180
176
100
101
120
116
28
162
156
76
165
119
119
196
149
89
38
192
95
14
151
3
188
147
185
50
167
36
25
120
187
98
138
110
113
194
176
115
190
8
34
70
145
63
105
174
13
13
24
170
153
169
51
147
20
84
94
157
15
25
13
100
16
178
150
79
23
138
14
78
143
123
6
177
39
25
83
119
122
5
111
9
75
55
53
177
47
48
195
100
139
193
28
192
76
26
117
127
69
21
195
114
38
145
69
24
69
108
127
172
103
76
1
107
50
16
151
99
166
15
119
24
114
109
124
49
36
155
165
132
90
61
144
135
80
44
160
179
89
81
144
69
69
102
180
56
110
75
53
130
135
181
13
67
33
139
129
152
47
17
188
179
132
115
24
103
36
120
26
182
168
103
159
119
24
160
134
33
139
169
125
92
51
17
121
181
137
68
96
13
196
10
45
17
118
133
162
129
99
82
194
83
102
139
102
104
21
78
27
114
90
59
154
127
9
139
194
140
109
174
37
185
189
118
189
157
28
111
70
36
73
119
165
14
150
45
49
73
50
37
182
160
11
109
142
190
57
69
21
114
53
190
196
45
73
6
16
117
28
142
84
159
153
169
152
171
145
181
174
145
71
84
185
163
27
1
83
161
91
25
24
3
183
188
66
118
67
47
166
100
42
40
122
154
11
77
123
53
66
144
44
145
77
123
65
29
142
188
131
48
137
187
165
76
178
40
18
13
47
65
50
30
37
193
34
175
155
177
108
69
91
112
104
103
195
133
25
92
21
137
95
192
192
188
53
120
33
53
192
76
82
86
139
176
122
33
84
175
111
13
189
113
76
147
81
76
181
134
125
81
36
101
42
176
44
3
68
127
48
177
100
184
152
177
89
56
11
148
37
165
168
155
150
18
91
98
25
141
94
60
9
80
70
27
88
6
158
80
159
33
58
157
107
109
158
32
181
11
165
57
10
101
172
29
163
155
42
14
17
50
190
83
124
7
180
58
9
103
186
48
132
109
106
82
194
177
158
155
88
50
48
122
90
188
101
71
156
106
90
103
177
10
80
96
4
59
38
170
169
16
48
188
103
108
141
157
122
69
177
166
115
94
138
186
146
97
28
128
76
34
187
191
162
188
86
71
101
29
134
88
192
72
168
137
32
94
13
17
98
97
151
174
89
115
45
103
162
23
181
100
107
65
101
173
157
176
188
86
47
125
117
135
72
63
165
36
112
117
169
28
137
155
151
167
93
146
168
44
38
111
86
23
176
144
191
106
34
113
139
16
4
82
189
100
89
41
154
137
153
34
75
21
91
172
85
160
5
155
108
194
188
34
40
164
133
99
147
129
117
127
144
190
13
38
157
52
14
168
171
87
177
97
85
25
171
134
177
43
108
119
168
11
193
53
70
169
124
89
174
30
179
55
67
68
65
42
46
123
14
53
191
96
176
73
49
111
51
76
88
14
188
191
145
114
112
97
107
63
60
91
68
15
91
144
87
87
47
121
39
167
193
140
170
34
120
105
6
25
71
139
121
94
119
39
67
42
73
100
70
51
122
70
122
4
94
60
42
8
77
52
46
105
3
5
125
67
39
140
72
146
126
164
3
196
5
152
170
93
77
185
61
133
38
164
25
115
103
85
125
94
44
76
132
162
193
46
110
128
149
119
33
146
143
154
68
115
74
69
21
177
93
37
101
40
93
44
18
25
189
119
44
126
1
121
38
195
110
91
14
188
162
194
121
187
187
180
58
165
30
81
57
181
143
125
93
86
69
18
149
3
79
47
185
177
24
41
108
88
3
68
91
167
21
107
159
160
71
110
127
28
46
3
133
70
89
88
29
40
115
34
71
83
25
42
145
56
189
58
60
29
34
46
95
193
146
24
92
97
83
81
151
175
108
135
18
179
177
192
178
196
157
9
191
164
181
30
171
47
146
131
32
152
147
188
69
21
91
66
141
134
144
52
23
66
75
39
179
67
105
175
34
170
69
68
113
132
130
121
73
36
159
51
97
160
57
107
141
40
67
124
52
173
25
53
194
187
86
126
110
119
18
111
138
42
81
23
74
173
143
182
119
59
69
134
81
106
151
179
130
185
32
27
24
14
113
6
109
96
179
189
118
153
94
23
161
41
85
138
124
91
69
6
119
115
29
124
10
140
24
61
20
157
58
14
144
178
188
90
98
21
81
158
142
118
119
48
65
80
78
189
153
146
176
144
25
80
43
103
65
50
182
60
30
27
47
37
127
84
105
119
177
17
152
86
16
69
151
7
148
119
120
25
155
34
122
23
147
107
111
31
46
46
187
156
183
66
66
166
157
48
93
100
107
172
4
86
167
4
188
134
40
170
150
150
20
96
194
108
48
8
41
187
133
72
107
88
171
88
80
26
113
187
174
108
162
118
13
99
50
135
109
177
179
121
178
178
181
146
30
184
179
9
9
116
15
82
6
113
48
40
100
18
152
43
163
148
95
140
23
97
181
90
31
154
119
4
18
83
34
190
139
111
24
123
135
176
36
98
32
130
196
176
67
145
164
101
190
179
139
69
149
38
147
101
80
60
47
82
143
25
126
134
108
34
192
16
16
31
101
98
172
63
143
104
176
67
20
142
161
184
52
155
150
88
171
139
195
169
106
96
109
159
185
31
115
21
89
29
120
72
195
96
24
193
177
70
93
140
68
166
102
30
56
186
168
42
170
17
138
79
160
182
144
95
41
134
49
126
145
145
15
86
180
28
107
110
69
32
180
187
154
119
75
138
162
140
109
79
24
110
59
160
52
71
38
65
148
26
90
70
129
159
173
110
100
137
85
46
156
79
72
51
104
126
173
148
63
72
162
123
166
69
139
21
172
167
86
155
53
141
31
59
146
161
53
117
162
16
116
75
77
55
187
40
69
3
32
125
55
161
177
108
81
20
146
152
20
103
56
92
184
139
166
121
171
63
189
97
177
195
24
120
120
145
170
75
109
154
102
131
20
43
53
117
155
5
38
148
21
25
80
139
109
174
84
39
153
48
167
164
172
46
6
56
169
191
45
119
42
163
47
78
132
86
99
192
97
113
166
55
129
44
11
153
180
109
52
99
169
106
41
96
47
46
106
70
153
33
28
114
20
191
116
56
25
170
68
37
87
86
81
131
103
172
105
47
126
69
71
163
191
117
23
113
65
20
52
56
185
124
74
85
20
140
148
144
91
90
155
160
157
137
129
115
174
176
163
91
95
129
60
89
58
154
101
24
94
55
3
132
143
40
87
40
140
5
174
150
96
65
43
117
72
91
132
168
97
165
16
117
25
82
146
143
93
86
14
184
143
14
196
132
14
37
32
65
171
68
8
96
175
91
129
74
9
191
51
163
148
3
94
60
1
184
38
179
140
98
184
10
148
126
39
158
168
43
107
128
43
104
59
190
105
106
121
145
83
18
17
152
58
114
150
27
162
29
118
76
146
34
116
50
116
155
165
20
75
149
106
185
92
9
119
83
21
170
181
82
69
124
137
181
46
153
102
91
111
47
92
119
65
146
61
44
129
36
108
97
13
71
132
123
53
31
69
90
27
37
66
154
170
134
73
127
18
83
49
3
98
52
163
74
103
7
177
190
51
170
56
84
10
69
164
4
138
40
36
148
121
106
78
177
61
157
160
18
181
133
39
61
6
10
133
82
58
171
108
1
178
56
75
123
27
102
11
118
24
42
75
46
149
25
7
34
109
37
184
181
173
96
93
60
157
84
21
160
65
15
70
9
104
126
92
149
16
175
184
32
115
118
163
9
113
44
171
39
39
123
50
51
103
125
117
73
56
143
130
32
147
184
3
75
186
155
111
65
81
156
156
98
187
196
6
114
71
132
95
21
94
170
126
124
72
176
153
135
30
60
177
126
68
161
181
178
118
17
36
26
183
81
115
26
194
185
66
84
160
93
193
14
156
72
52
60
175
117
186
162
164
188
15
36
56
158
110
114
57
183
81
181
194
96
126
195
1
154
58
53
167
109
86
110
85
8
82
45
160
183
14
69
98
154
76
103
127
49
105
80
172
186
69
178
168
41
61
21
147
174
183
4
137
179
138
109
157
55
139
51
50
171
164
166
67
101
194
123
61
162
117
93
78
15
30
139
25
69
196
106
81
31
77
43
86
161
29
133
95
14
106
120
92
109
186
133
165
83
128
4
61
144
71
27
186
85
196
70
36
137
149
70
57
69
72
20
81
66
156
108
194
126
117
140
146
88
100
90
121
133
80
28
16
195
63
160
18
24
124
123
148
167
27
179
48
131
24
114
178
166
65
69
186
45
59
34
111
120
111
108
38
85
177
24
82
132
52
16
96
56
95
65
130
148
84
153
194
192
146
13
95
131
132
183
120
71
17
189
75
119
118
176
108
75
47
180
187
53
74
119
82
123
105
196
175
37
28
177
76
187
39
187
108
108
194
99
189
9
120
114
18
175
70
71
46
5
37
115
25
109
9
190
130
180
49
25
140
65
113
188
189
110
45
148
194
14
61
161
24
115
15
66
114
94
36
80
133
40
184
173
87
69
184
116
135
40
139
8
175
69
150
32
84
138
106
173
76
83
24
88
37
52
151
70
50
98
8
168
33
151
101
125
174
10
66
165
83
185
38
124
39
31
188
67
127
52
131
182
99
82
89
140
14
191
140
47
163
179
159
193
167
157
55
168
195
18
3
67
46
181
147
95
117
39
4
113
118
151
123
24
53
46
110
133
130
29
79
69
34
29
113
144
194
37
163
34
153
124
147
153
8
164
140
115
147
33
96
40
111
170
171
145
45
132
73
6
28
47
183
148
119
10
102
69
169
148
34
160
17
45
66
79
121
28
20
155
48
181
176
3
93
16
167
1
188
115
196
193
108
182
53
34
89
124
32
63
125
195
98
45
142
65
164
20
32
98
11
48
168
18
14
23
169
175
1
85
195
65
26
129
172
80
60
119
24
56
191
105
115
33
144
7
133
23
66
193
111
123
140
183
72
67
85
162
137
16
34
109
93
195
58
91
173
187
155
10
92
88
69
181
166
119
71
161
186
146
132
130
90
49
168
112
24
71
100
143
182
82
101
179
118
181
192
133
90
28
105
132
162
179
69
72
183
74
40
15
113
44
75
86
15
1
183
63
18
16
38
32
